# Created by Octave 5.2.0, Sat Jan 07 14:33:39 2023 +06 <konstantin.damaskinskinskiy@lp-0589>
# name: py
# type: matrix
# rows: 204
# columns: 1
 0.014727230806199853
 0.014727230806199853
 0.014735340691120329
 0.014743450574978837
 0.014751560484439204
 0.014759670409722987
 0.014767780330437717
 0.014775890198428466
 0.014784000006834745
 0.014790436494096833
 0.014796872802372933
 0.014803309108022196
 0.01480974546830394
 0.014816181865108797
 0.014822618270439299
 0.014829054676699293
 0.014835491067623652
 0.014841927417667676
 0.014848363715753116
 0.014854800027583938
 0.014861236389430993
 0.014867672750858112
 0.014874109112161379
 0.014880545645177124
 0.014886981985131975
 0.01489341832449635
 0.014899854657435365
 0.014906290967394408
 0.014912727386182437
 0.014919163848768091
 0.014925600315496907
 0.014932036763509935
 0.014938473132775788
 0.014944909345598514
 0.014951345521093212
 0.014957781885696892
 0.014964218247362691
 0.014970654606342301
 0.01497709096362887
 0.014983527321431217
 0.014989963679458564
 0.014996400034813923
 0.015002836386048428
 0.015009272747164791
 0.01501570912248365
 0.015022145499715058
 0.015028581877314115
 0.015035018255327843
 0.01504145463187416
 0.015047891004426028
 0.015054327367220132
 0.015060763721832226
 0.015067200068412546
 0.015073636419480216
 0.015080072788294123
 0.015086509156797937
 0.015092945526490209
 0.015099381904437584
 0.015105818294385051
 0.015112254638078575
 0.015118691224286556
 0.015125127572157542
 0.015131564056082189
 0.015138000095101477
 0.015143486563432718
 0.01514897371798348
 0.015154459728302015
 0.015159946415812803
 0.01516543293644446
 0.015170919348454624
 0.015176405653304529
 0.015181892087884868
 0.015187378582543435
 0.015192865048644196
 0.015198351514425145
 0.015203837976820664
 0.015209324434399166
 0.015214810888750348
 0.015220297349277358
 0.015225783807015799
 0.015231270298620973
 0.015236756810308838
 0.01524224332333596
 0.015247729832450554
 0.015253216340168074
 0.015258702849293902
 0.015264189358397049
 0.015269675866605721
 0.015275162369613479
 0.015280648861836442
 0.015286135339981483
 0.0152916218018481
 0.015297108252277439
 0.015302594833087478
 0.01530808157386573
 0.015313567643388353
 0.015319054142905835
 0.015324540606581432
 0.015330027070044669
 0.015335513693263943
 0.015341000062566883
 0.015341000062566883
 0.015530109741978269
 0.015530109741978269
 0.015521999971854144
 0.015514999581764393
 0.015507999191847137
 0.015500999948385542
 0.015493999859609683
 0.015486999695439055
 0.015479999553277397
 0.015472999554546568
 0.01546599970962534
 0.015458999130230347
 0.015451999946410219
 0.015444999511960107
 0.015437999957957594
 0.015430999974096039
 0.015424589236831961
 0.015418178566565334
 0.015411767835215792
 0.015405357107132164
 0.015398946379652657
 0.015392535653736697
 0.01538612492919305
 0.015379714206366472
 0.015373303486150226
 0.015366892767235026
 0.015360482048732931
 0.015354071323915329
 0.015347660593199232
 0.015341249104272692
 0.015334839228851685
 0.015328428515624026
 0.015322017849144347
 0.01531560713004505
 0.015309196406738564
 0.01530278541452324
 0.015296374722416449
 0.015289964031433333
 0.015283553335187943
 0.01527714263536693
 0.015270732122192083
 0.015264321409433599
 0.015257910693163153
 0.015251499975355666
 0.015245089008634315
 0.015238678306114183
 0.015232267605947595
 0.015225856927938153
 0.015219446271189228
 0.015213035627159564
 0.015206624955112888
 0.015200214271427018
 0.015193803544463235
 0.015187392805374816
 0.015180982107340561
 0.015174571442736739
 0.015168160691551172
 0.015161749990342532
 0.015155339266657544
 0.01514892854478467
 0.015142517830257043
 0.015136107121815113
 0.015129696414244536
 0.01512328570284811
 0.015116874986844874
 0.015110464277522637
 0.015104053563610869
 0.015097642819771009
 0.015091232109309873
 0.015084821326897693
 0.015078410673339178
 0.015071999969264128
 0.015065999864917906
 0.015059999578911411
 0.015053999780423802
 0.01504823041051759
 0.015042461163156953
 0.015036691891211028
 0.015030922619640931
 0.015025153797807705
 0.015019384561418206
 0.015013615329609171
 0.015007846099462705
 0.015002076868403585
 0.01499630763811281
 0.014990538443131196
 0.014984768915777708
 0.014978999926079851
 0.014973230638757105
 0.014967461351697712
 0.014961692075823414
 0.014955922834074591
 0.014950153624502976
 0.014944384439731093
 0.014938615276834459
 0.014932846132834694
 0.014927076745323738
 0.014921307243852702
 0.014915537857023087
 0.014909768964013749
 0.014903999891725707
 0.014903999891725707


