# Created by Octave 5.2.0, Sun Jan 08 03:24:30 2023 +06 <konstantin.damaskinskinskiy@lp-0589>
# name: py
# type: matrix
# rows: 204
# columns: 1
 0.013082000046937797
 0.013082000046937797
 0.013088395384493263
 0.013094790949087153
 0.013101186296810159
 0.013107581421353312
 0.013113976811171095
 0.013120372194266693
 0.013126767568847271
 0.013133162918348061
 0.013139558202903948
 0.013145953680304554
 0.013152349013109854
 0.013158744364351672
 0.013165139712503318
 0.013171535057825305
 0.013177930402770099
 0.013184325744731523
 0.013190721083477418
 0.013197116418833624
 0.013203511749789237
 0.013209907074531018
 0.013216302389613003
 0.013222697753871311
 0.013229093131203773
 0.013235488535416751
 0.013241883946521366
 0.01324827936321323
 0.013254674777407004
 0.013261070165461035
 0.013267465461358305
 0.013273860583065338
 0.013280255826964751
 0.013286651177752865
 0.013293046535470117
 0.013299442184163937
 0.013305837578474292
 0.013312232975539231
 0.01331862839316672
 0.013325023833174366
 0.013331419284532676
 0.013337814691976754
 0.013344209371198453
 0.013350604728675141
 0.013357000051990061
 0.013362333429089003
 0.01336766678931629
 0.01337300016315008
 0.013378261855356104
 0.013383522021464044
 0.013388782802331295
 0.013394043671889211
 0.013399304582325623
 0.013404565486350974
 0.013409826114885458
 0.013415086979661197
 0.013420347837551047
 0.013425608704699958
 0.013430869632863572
 0.013436130480049425
 0.01344139133794332
 0.013446652372524105
 0.013451913074573956
 0.01345717395647693
 0.01346243483968834
 0.01346769571020694
 0.013472956637473393
 0.013478217500311414
 0.013483478452461756
 0.013488739228295472
 0.013494000038989639
 0.013498500219917057
 0.013503000012459252
 0.013507500015522114
 0.013512000147764632
 0.013516500108804371
 0.013521000054545557
 0.013525500034002109
 0.013530000034097068
 0.013534500017890076
 0.013539000155041669
 0.013543500302367955
 0.013548000039289118
 0.01355250004509072
 0.013557000048034095
 0.013561500050632325
 0.013566000058853771
 0.013570500065668062
 0.013575000069876211
 0.013579500072605439
 0.013584000073098635
 0.013588500006574911
 0.013593000038119035
 0.01359750007728203
 0.013602000040887189
 0.013606166800705354
 0.013610333439017065
 0.013614500074874983
 0.013618666719223063
 0.013622833427494398
 0.013627000026473324
 0.013627000026473324
 0.013823989676805717
 0.013823989676805717
 0.013816494749532202
 0.01380899998508257
 0.013803249955234683
 0.013797499853226895
 0.013791749927866631
 0.013785999968334895
 0.013780249966735986
 0.013774499966688456
 0.013768749936716089
 0.013762999897257372
 0.013757249876910412
 0.013751499826387483
 0.013745749741606791
 0.013739999894843397
 0.013734333267497316
 0.013728666590796941
 0.013722999950972148
 0.013717333284764091
 0.013711666618490829
 0.013705999958713019
 0.01370033330002501
 0.013694666644318555
 0.013688999988090577
 0.013683333284640954
 0.013677666651246194
 0.013671999999709581
 0.013666333324630308
 0.01366066663457014
 0.013654999959679887
 0.013649333309023683
 0.013643666633675869
 0.013637999978747661
 0.013632333099781143
 0.013626666465844671
 0.013620999843740799
 0.013615333221264084
 0.013609666595937278
 0.013603999970228842
 0.013598333338347455
 0.01359266670742797
 0.013587000057114648
 0.013581333397024747
 0.013575666721936167
 0.013570000079505677
 0.01356433324451654
 0.013558666630230113
 0.013552999994461088
 0.01354733332772003
 0.013541666660628261
 0.01353599999474735
 0.013530333328032221
 0.01352466666274321
 0.013518999979274492
 0.013513333306624308
 0.013507666633221295
 0.013501999965463019
 0.013496333299894565
 0.013490666640871112
 0.01348499998241316
 0.013479333322497289
 0.013473666659301145
 0.013467999991515397
 0.013462333310935336
 0.013456666648603264
 0.013450999988468281
 0.013445333328675391
 0.013439666672651299
 0.013434000003636894
 0.013428333337776486
 0.013422666668882807
 0.01341699999830951
 0.013411333335171628
 0.013405666671084933
 0.013400000006453614
 0.013394333340960218
 0.013388666674799094
 0.013383000007920122
 0.013377333340655412
 0.01337166667311601
 0.013366000004438454
 0.013360333333773408
 0.013354666659923015
 0.013348999963901263
 0.013343333275133519
 0.013337666618533292
 0.013331999900262109
 0.013327799953947726
 0.013323599704296607
 0.013319399987114624
 0.013315199993219753
 0.013310999981272676
 0.013306800020093235
 0.013302600026250826
 0.013298399976481457
 0.013294199947074932
 0.013289999949833858
 0.013286489498643701
 0.01328297911498781
 0.013279468683898945
 0.013279468683898945


