# Created by Octave 5.2.0, Sat Jan 07 14:33:36 2023 +06 <konstantin.damaskinskinskiy@lp-0589>
# name: yp
# type: matrix
# rows: 200
# columns: 2
 0.014321736280970493 0.014683292887709899
 0.014329846170867298 0.014687707020254862
 0.014337956060790134 0.014692121154708776
 0.014346065950758638 0.014696535290559691
 0.014354175840690441 0.014700949427235941
 0.014362285730569389 0.014705363564328607
 0.014370395620513232 0.014709777702000574
 0.01437850551042179 0.014714191839653291
 0.014386615400307343 0.014718605978534173
 0.014394725290223911 0.014723020117167869
 0.014402835180161137 0.01472743425614822
 0.014410945070047589 0.014731848395255152
 0.01441905495992838 0.01473626253352113
 0.014427164849810659 0.014740676671748444
 0.01443527473973958 0.014745090810925244
 0.014443384629584607 0.014749504950112149
 0.014451494519454138 0.014753919087997114
 0.014459604409329019 0.014758333227278774
 0.014467714299205953 0.01476274736544295
 0.014475824189099564 0.014767161503454597
 0.0144839340789597 0.014771575642055602
 0.014492043968800519 0.014775989779959749
 0.014500153858675778 0.014780403917018979
 0.014508263748527572 0.01478481805493923
 0.014516373638351513 0.014789232191484964
 0.014524483528182166 0.014793646329582579
 0.014532593418047864 0.014798060467417974
 0.014540703307876239 0.014802474605158883
 0.014548813197696743 0.014806888743859678
 0.014556923087561121 0.014811302882983735
 0.014565032977341547 0.014815717023144107
 0.014573142867179867 0.014820131163998433
 0.014581252756978179 0.014824545305977122
 0.014589362731935573 0.014828959449712248
 0.014597472619080815 0.014833373594396656
 0.014605582506178051 0.014837787740596567
 0.014613692393224503 0.014842201888493585
 0.014621802280255305 0.01484661603776119
 0.014629912167272979 0.01485103018902632
 0.014638022054231396 0.014855444341078215
 0.014646131941182357 0.014859858494904498
 0.014654241828070156 0.014864272649846815
 0.014662351714976381 0.0148686868063201
 0.014670461601759414 0.014873100964806513
 0.01467857148856436 0.014877515124306141
 0.014686681375290913 0.014881929225068133
 0.014694791261862312 0.014886343326256548
 0.014702901148345217 0.014890757413435551
 0.014711011034618677 0.014895171543271194
 0.014719120920607436 0.014899585759686208
 0.014727230806199853 0.014903999891725707
 0.014735340691120329 0.014909768964013749
 0.014743450574978837 0.014915537857023087
 0.014751560484439204 0.014921307243852702
 0.014759670409722987 0.014927076745323738
 0.014767780330437717 0.014932846132834694
 0.014775890198428466 0.014938615276834459
 0.014784000006834745 0.014944384439731093
 0.014790436494096833 0.014950153624502976
 0.014796872802372933 0.014955922834074591
 0.014803309108022196 0.014961692075823414
 0.01480974546830394 0.014967461351697712
 0.014816181865108797 0.014973230638757105
 0.014822618270439299 0.014978999926079851
 0.014829054676699293 0.014984768915777708
 0.014835491067623652 0.014990538443131196
 0.014841927417667676 0.01499630763811281
 0.014848363715753116 0.015002076868403585
 0.014854800027583938 0.015007846099462705
 0.014861236389430993 0.015013615329609171
 0.014867672750858112 0.015019384561418206
 0.014874109112161379 0.015025153797807705
 0.014880545645177124 0.015030922619640931
 0.014886981985131975 0.015036691891211028
 0.01489341832449635 0.015042461163156953
 0.014899854657435365 0.01504823041051759
 0.014906290967394408 0.015053999780423802
 0.014912727386182437 0.015059999578911411
 0.014919163848768091 0.015065999864917906
 0.014925600315496907 0.015071999969264128
 0.014932036763509935 0.015078410673339178
 0.014938473132775788 0.015084821326897693
 0.014944909345598514 0.015091232109309873
 0.014951345521093212 0.015097642819771009
 0.014957781885696892 0.015104053563610869
 0.014964218247362691 0.015110464277522637
 0.014970654606342301 0.015116874986844874
 0.01497709096362887 0.01512328570284811
 0.014983527321431217 0.015129696414244536
 0.014989963679458564 0.015136107121815113
 0.014996400034813923 0.015142517830257043
 0.015002836386048428 0.01514892854478467
 0.015009272747164791 0.015155339266657544
 0.01501570912248365 0.015161749990342532
 0.015022145499715058 0.015168160691551172
 0.015028581877314115 0.015174571442736739
 0.015035018255327843 0.015180982107340561
 0.01504145463187416 0.015187392805374816
 0.015047891004426028 0.015193803544463235
 0.015054327367220132 0.015200214271427018
 0.015060763721832226 0.015206624955112888
 0.015067200068412546 0.015213035627159564
 0.015073636419480216 0.015219446271189228
 0.015080072788294123 0.015225856927938153
 0.015086509156797937 0.015232267605947595
 0.015092945526490209 0.015238678306114183
 0.015099381904437584 0.015245089008634315
 0.015105818294385051 0.015251499975355666
 0.015112254638078575 0.015257910693163153
 0.015118691224286556 0.015264321409433599
 0.015125127572157542 0.015270732122192083
 0.015131564056082189 0.01527714263536693
 0.015138000095101477 0.015283553335187943
 0.015143486563432718 0.015289964031433333
 0.01514897371798348 0.015296374722416449
 0.015154459728302015 0.01530278541452324
 0.015159946415812803 0.015309196406738564
 0.01516543293644446 0.01531560713004505
 0.015170919348454624 0.015322017849144347
 0.015176405653304529 0.015328428515624026
 0.015181892087884868 0.015334839228851685
 0.015187378582543435 0.015341249104272692
 0.015192865048644196 0.015347660593199232
 0.015198351514425145 0.015354071323915329
 0.015203837976820664 0.015360482048732931
 0.015209324434399166 0.015366892767235026
 0.015214810888750348 0.015373303486150226
 0.015220297349277358 0.015379714206366472
 0.015225783807015799 0.01538612492919305
 0.015231270298620973 0.015392535653736697
 0.015236756810308838 0.015398946379652657
 0.01524224332333596 0.015405357107132164
 0.015247729832450554 0.015411767835215792
 0.015253216340168074 0.015418178566565334
 0.015258702849293902 0.015424589236831961
 0.015264189358397049 0.015430999974096039
 0.015269675866605721 0.015437999957957594
 0.015275162369613479 0.015444999511960107
 0.015280648861836442 0.015451999946410219
 0.015286135339981483 0.015458999130230347
 0.0152916218018481 0.01546599970962534
 0.015297108252277439 0.015472999554546568
 0.015302594833087478 0.015479999553277397
 0.01530808157386573 0.015486999695439055
 0.015313567643388353 0.015493999859609683
 0.015319054142905835 0.015500999948385542
 0.015324540606581432 0.015507999191847137
 0.015330027070044669 0.015514999581764393
 0.015335513693263943 0.015521999971854144
 0.015341000062566883 0.015530109741978269
 0.015345414226671435 0.015538219721392677
 0.015349828328354784 0.015546329575087866
 0.01535424245079324 0.015554439430936842
 0.015358656614078724 0.015562549304359012
 0.015363070765580548 0.015570659186637619
 0.015367484909810231 0.015578769073032185
 0.015371899049907977 0.015586878963775454
 0.015376313187474011 0.01559498885842938
 0.015380727324361659 0.015603098758290057
 0.015385141461992836 0.01561120866659995
 0.015389555599638383 0.015619318590524678
 0.015393970102491704 0.015627428528060712
 0.015398384211529382 0.01563553840866885
 0.015402798320511795 0.015643648292657349
 0.015407212420151906 0.015651758185188262
 0.015411626495485173 0.015659868077334299
 0.015416040499221994 0.015667977969202409
 0.015420454559758484 0.015676087860789629
 0.015424868706198394 0.015684197752140788
 0.015429282850725611 0.01569230764329925
 0.01543369699306067 0.015700417534282647
 0.015438111135390434 0.015708527425162277
 0.015442525277664421 0.015716637315997681
 0.015446939420031605 0.015724747206730033
 0.015451353561961475 0.015732857097397097
 0.015455767704215676 0.015740966987957027
 0.015460181846203128 0.015749076878497151
 0.015464595988251367 0.015757186769002007
 0.015469010130172359 0.015765296659468631
 0.015473424272104285 0.015773406549893104
 0.015477838413931001 0.015781516440341144
 0.015482252555619301 0.01578962633069441
 0.015486666697420952 0.015797736221062435
