# Created by Octave 5.2.0, Sun Jan 08 03:24:28 2023 +06 <konstantin.damaskinskinskiy@lp-0589>
# name: yp
# type: matrix
# rows: 200
# columns: 2
 0.012707257749595153 0.013103947909722951
 0.012714752594745428 0.013107458323653592
 0.012722247439867477 0.013110968743417457
 0.012729742284994662 0.013114479159134747
 0.012737237130117112 0.013117989574438891
 0.012744731975239537 0.013121499994183543
 0.012752226820364679 0.013125010407503364
 0.012759721665489821 0.013128520824929121
 0.012767216510610217 0.013132031244274955
 0.012774711355734745 0.01313554164676217
 0.012782206200883049 0.013139052072277304
 0.012789701045999136 0.013142562487811234
 0.012797195891103178 0.013146072908981265
 0.012804690736242288 0.013149583324526799
 0.012812185581371063 0.013153093743763122
 0.012819680426465996 0.013156604149639062
 0.012827175271587339 0.013160114577563513
 0.012834670116684353 0.013163624982724286
 0.012842164961811814 0.013167135396746051
 0.012849659806899267 0.013170645814173588
 0.012857154652018192 0.013174156232151657
 0.012864649497093664 0.013177666646303076
 0.012872144342208045 0.013181177055905527
 0.012879639187296375 0.013184687470562007
 0.012887134032372202 0.013188197879177929
 0.012894628877440362 0.013191708300787634
 0.012902123722507914 0.013195218708169545
 0.012909618567530142 0.013198729125108541
 0.012917113410701647 0.013202239538925291
 0.012924608375155144 0.013205749955706121
 0.012932103298111839 0.013209260370082077
 0.012939598188796118 0.01321277078552343
 0.012947093062411767 0.01321628120921137
 0.012954587925951279 0.013219791620086425
 0.012962082783235511 0.013223302042109499
 0.012969577636545142 0.013226812462946116
 0.012977072487230502 0.013230322879668821
 0.012984567335680524 0.013233833292646139
 0.012992062182948747 0.01323734372220815
 0.012999556733736659 0.013240854147021957
 0.013007051578673238 0.013244364559192531
 0.013014546423205795 0.013247874987929347
 0.013022041267083256 0.013251385404793007
 0.013029536110127518 0.013254895825274466
 0.013037030952064023 0.013258406244802226
 0.013044525792327528 0.013261916661061355
 0.013052020630041612 0.01326542707483306
 0.013059515696397314 0.013268937475180331
 0.013067010341032607 0.013272447848378603
 0.013074505183246743 0.013275958247730233
 0.013082000046937797 0.013279468683898945
 0.013088395384493263 0.01328297911498781
 0.013094790949087153 0.013286489498643701
 0.013101186296810159 0.013289999949833858
 0.013107581421353312 0.013294199947074932
 0.013113976811171095 0.013298399976481457
 0.013120372194266693 0.013302600026250826
 0.013126767568847271 0.013306800020093235
 0.013133162918348061 0.013310999981272676
 0.013139558202903948 0.013315199993219753
 0.013145953680304554 0.013319399987114624
 0.013152349013109854 0.013323599704296607
 0.013158744364351672 0.013327799953947726
 0.013165139712503318 0.013331999900262109
 0.013171535057825305 0.013337666618533292
 0.013177930402770099 0.013343333275133519
 0.013184325744731523 0.013348999963901263
 0.013190721083477418 0.013354666659923015
 0.013197116418833624 0.013360333333773408
 0.013203511749789237 0.013366000004438454
 0.013209907074531018 0.01337166667311601
 0.013216302389613003 0.013377333340655412
 0.013222697753871311 0.013383000007920122
 0.013229093131203773 0.013388666674799094
 0.013235488535416751 0.013394333340960218
 0.013241883946521366 0.013400000006453614
 0.01324827936321323 0.013405666671084933
 0.013254674777407004 0.013411333335171628
 0.013261070165461035 0.01341699999830951
 0.013267465461358305 0.013422666668882807
 0.013273860583065338 0.013428333337776486
 0.013280255826964751 0.013434000003636894
 0.013286651177752865 0.013439666672651299
 0.013293046535470117 0.013445333328675391
 0.013299442184163937 0.013450999988468281
 0.013305837578474292 0.013456666648603264
 0.013312232975539231 0.013462333310935336
 0.01331862839316672 0.013467999991515397
 0.013325023833174366 0.013473666659301145
 0.013331419284532676 0.013479333322497289
 0.013337814691976754 0.01348499998241316
 0.013344209371198453 0.013490666640871112
 0.013350604728675141 0.013496333299894565
 0.013357000051990061 0.013501999965463019
 0.013362333429089003 0.013507666633221295
 0.01336766678931629 0.013513333306624308
 0.01337300016315008 0.013518999979274492
 0.013378261855356104 0.01352466666274321
 0.013383522021464044 0.013530333328032221
 0.013388782802331295 0.01353599999474735
 0.013394043671889211 0.013541666660628261
 0.013399304582325623 0.01354733332772003
 0.013404565486350974 0.013552999994461088
 0.013409826114885458 0.013558666630230113
 0.013415086979661197 0.01356433324451654
 0.013420347837551047 0.013570000079505677
 0.013425608704699958 0.013575666721936167
 0.013430869632863572 0.013581333397024747
 0.013436130480049425 0.013587000057114648
 0.01344139133794332 0.01359266670742797
 0.013446652372524105 0.013598333338347455
 0.013451913074573956 0.013603999970228842
 0.01345717395647693 0.013609666595937278
 0.01346243483968834 0.013615333221264084
 0.01346769571020694 0.013620999843740799
 0.013472956637473393 0.013626666465844671
 0.013478217500311414 0.013632333099781143
 0.013483478452461756 0.013637999978747661
 0.013488739228295472 0.013643666633675869
 0.013494000038989639 0.013649333309023683
 0.013498500219917057 0.013654999959679887
 0.013503000012459252 0.01366066663457014
 0.013507500015522114 0.013666333324630308
 0.013512000147764632 0.013671999999709581
 0.013516500108804371 0.013677666651246194
 0.013521000054545557 0.013683333284640954
 0.013525500034002109 0.013688999988090577
 0.013530000034097068 0.013694666644318555
 0.013534500017890076 0.01370033330002501
 0.013539000155041669 0.013705999958713019
 0.013543500302367955 0.013711666618490829
 0.013548000039289118 0.013717333284764091
 0.01355250004509072 0.013722999950972148
 0.013557000048034095 0.013728666590796941
 0.013561500050632325 0.013734333267497316
 0.013566000058853771 0.013739999894843397
 0.013570500065668062 0.013745749741606791
 0.013575000069876211 0.013751499826387483
 0.013579500072605439 0.013757249876910412
 0.013584000073098635 0.013762999897257372
 0.013588500006574911 0.013768749936716089
 0.013593000038119035 0.013774499966688456
 0.01359750007728203 0.013780249966735986
 0.013602000040887189 0.013785999968334895
 0.013606166800705354 0.013791749927866631
 0.013610333439017065 0.013797499853226895
 0.013614500074874983 0.013803249955234683
 0.013618666719223063 0.01380899998508257
 0.013622833427494398 0.013816494749532202
 0.013627000026473324 0.013823989676805717
 0.013630510448499677 0.013831484520067387
 0.013634020869795982 0.013838979235970756
 0.013637531269684105 0.013846474100169592
 0.013641041714809708 0.013853968963684458
 0.013644552116143351 0.013861463832282019
 0.013648062524764873 0.01386895873321874
 0.013651572944308838 0.013876453554701492
 0.013655083362694349 0.013883948400586722
 0.013658593779182488 0.013891443245575312
 0.013662104195689263 0.013898938138885434
 0.013665614611476824 0.013906432984112642
 0.013669125020516126 0.013913927829307603
 0.013672635438666154 0.013921422674521481
 0.013676145858685519 0.013928917519720654
 0.013679656275806756 0.013936412364913388
 0.013683166696968398 0.013943907210132533
 0.01368667710622549 0.013951402055343436
 0.013690187523324265 0.013958896900590269
 0.013693697953812419 0.013966391745834091
 0.013697208366326451 0.013973886591102488
 0.013700718782126198 0.013981381436378289
 0.013704229188968926 0.013988876281655285
 0.01370773962146879 0.013996371126955389
 0.013711250030459827 0.014003865972271289
 0.013714760448995474 0.014011360817631739
 0.013718270865101913 0.014018855662940345
 0.013721781288362269 0.01402635050830948
 0.013725291693669891 0.014033845353683959
 0.013728802115873871 0.014041340199049219
 0.01373231253881621 0.014048835044439892
 0.013735822946953129 0.014056329889835678
 0.013739333354996386 0.014063824735257276
 0.013742843785985441 0.014071319580682787
